(.venv) ↪ python3 ./addArrayCPU.py && sleep 5 && echo -------------------------------------------------------- && python3 ./addArrayGPU.py
Max error: 0.0
Realizando benchmark de addArrayCPU (rodando 100x)...
Max error: 0.0
 
execTimes:
5830968760
5038947961
3290542268
4115007799
3743138778
2878284543
2501956164
1813386904
4243826401
2472544976
2957683535
3355342097
2944344887
3593671103
2577499467
3514936444
2698902950
1690377570
2690637563
3825777293
3177201089
1569088868
1970286279
1590182116
4077649864
2964576771
3145648162
3024094008
1979763350
1656609037
2252301224
1754738076
2102284652
1635998116
2972938442
1840637671
2788353371
1753223095
2288181796
1646706850
1975250241
1851824505
2134520079
1729339629
4125024022
1556212222
1811743688
2386188926
3469937140
2318399868
2735386581
2447857104
2172685491
3230918108
2962807219
2955387559
1715636203
1995409603
1470646566
2303331993
1936298185
2051174754
1504688540
1754257455
1465037167
1708903039
2947916656
2284340585
1508717231
2122531602
3000947493
3400031283
2710704319
1944060971
1855793513
1399508981
1996064136
2702569125
3239292320
3060737165
1898796121
2046961514
1381269809
2052537220
2163217937
2131124414
1367745526
2660675469
2616610810
3173042076
2730847935
2291051243
1725368729
3192582392
1931976330
2479217656
2356807525
2377281784
2493327356
3143443239


Benchmark concluído! Tempo médio: 2501.242067 ± 818.957387 ms
--------------------------------------------------------
Max error: 0.0
Realizando benchmark de addArrayGPU (rodando 100x)...
Max error: 0.0
 
execTimes:
818112240
447421501
392345333
385788921
391107915
394314061
386052220
384186843
384347492
389334827
391381105
385377601
390287866
388037788
384757122
387826769
397508068
404515250
418015856
388070478
388113579
390810015
384098393
404422631
408028857
386508130
387203390
394386362
407872237
409802805
392698223
403378452
384061454
387379060
386430560
391524426
385136663
399014837
402319763
388438309
389846667
388951698
393503024
404181831
387874350
388730808
384249864
385862472
388658789
394220233
395609322
393074974
387566570
385970432
395848691
397546620
406821508
396247431
404894932
394625523
392605344
394408253
394226614
398005189
398358368
391801576
397308400
393088655
392240576
390256558
403600803
397843929
386946742
394497523
390415928
391571567
391245557
393411705
398024710
390526307
394343684
394119534
390468138
393044026
393819604
392636976
388946040
396911621
387017922
390885118
391829637
397631060
390766418
388174201
388253181
388223101
385805864
386723253
385425234
390066189


Benchmark concluído! Tempo médio: 397.501782 ± 43.113490 ms